00000000: 00100011 01101001 01101110 01100011 01101100 01110101  #inclu
00000006: 01100100 01100101 00100000 00111100 01110011 01110100  de <st
0000000c: 01100100 01101001 01101111 00101110 01101000 00111110  dio.h>
00000012: 00001010 00100011 01100100 01100101 01100110 01101001  .#defi
00000018: 01101110 01100101 00100000 01010010 01000101 01010100  ne RET
0000001e: 01010101 01010010 01001110 01010110 01000001 01001100  URNVAL
00000024: 01010101 01000101 00100000 00110110 00110111 00001010  UE 67.
0000002a: 00001010 01101001 01101110 01110100 00100000 01101101  .int m
00000030: 01100001 01101001 01101110 00101000 00101001 00001010  ain().
00000036: 01111011 00001010 00100000 00100000 00100000 00100000  {.    
0000003c: 01101001 01101110 01110100 00100000 01110010 01100101  int re
00000042: 01110100 01110110 01100001 01101100 00100000 00111101  tval =
00000048: 00100000 01010010 01000101 01010100 01010101 01010010   RETUR
0000004e: 01001110 01010110 01000001 01001100 01010101 01000101  NVALUE
00000054: 00111011 00001010 00001010 00100000 00100000 00100000  ;..   
0000005a: 00100000 01110000 01110010 01101001 01101110 01110100   print
00000060: 01100110 00101000 00100010 01001000 01100101 01101100  f("Hel
00000066: 01101100 01101111 00100000 01110111 01101111 01110010  lo wor
0000006c: 01101100 01100100 00101110 01011100 01101110 00100010  ld.\n"
00000072: 00101001 00111011 00001010 00001010 00100000 00100000  );..  
00000078: 00100000 00100000 01110010 01100101 01110100 01110101    retu
0000007e: 01110010 01101110 00100000 01110010 01100101 01110100  rn ret
00000084: 01110110 01100001 01101100 00111011 00001010 01111101  val;.}
0000008a: 00001010                                               .
